,0,1
0,19.59730737504618,17.668890057829124
1,19.768550296052744,17.68232614003123
2,19.969881777652226,18.50227334907692
3,20.709735585276057,20.085744464831404
4,21.9727869402874,21.80817225438137
5,22.542559757890075,22.78295724294925
6,23.098121072667073,23.935177096030746
7,23.574847646756226,24.928504129018215
8,24.076116005485833,26.059678540086924
9,23.900360563612352,30.818329676314104
10,24.25454874676581,31.183465282217643
11,26.175042257065073,33.56408190628457
12,26.923852876468274,33.91333115655815
13,28.177654546810718,35.010770455434645
14,29.242874819443244,35.571196455830346
15,29.131729990731117,36.78624289607029
16,29.234372800652057,36.98516673212199
17,30.61361645911227,36.35785788089891
18,26.664850900861616,9.988720855294838
19,27.7554790488869,11.499740558249833
20,28.334536409494433,12.09771537197831
21,28.88468944566078,12.724543026067922
22,29.299882292256758,13.574243366410341
23,29.819021825010427,14.547884998131568
24,30.45515624403977,15.671953122358785
25,31.056052766852645,16.919597958202527
26,31.610313733749177,18.30522710138219
27,31.758257468151925,20.34678207449336
28,31.732361682426475,21.5593784900449
29,32.129456362856345,22.866893573453165
30,32.73585438613118,23.796349385124973
31,33.487384905469554,26.08301127278463
32,33.81255107449481,26.69388548524612
33,34.38907781295992,28.984492822065295
34,34.486081447010434,29.4556406248135
35,35.280924341261404,29.74088475167317
36,36.940993589366876,1.8493959767181514
37,37.79448865816061,3.431985420007345
38,38.23911880339096,4.27000403412516
39,38.569785755169306,5.079565140882987
40,38.96113777694708,6.072241953266275
41,39.207426589644776,6.9909039188383755
42,39.47085325347141,8.018109881262596
43,39.685699914969,9.048411642949228
44,39.91328708819721,10.155503091835518
45,40.29843336773068,11.2384440951603
46,40.51186146095668,12.020066864256993
47,41.805999918737456,18.3355951366608
48,42.4866998257095,19.686354129382725
49,42.96240752307563,20.23983391062304
50,44.02765071932184,21.934597895042
51,44.228926401698345,22.528288237498483
52,45.20009097509897,22.78370594705169
53,37.03656406566192,-0.8509766077489562
54,39.18268636622224,1.82876066593243
55,39.92476291037769,2.556215353999204
56,40.767803014722695,3.3907164933515634
57,41.4937315608913,3.9321401052426137
58,42.32227852118152,4.486641509311931
59,43.21257220071751,4.894382765718108
60,44.126535489605295,5.375519829159152
61,45.01156156651483,5.931804206402962
62,45.80534685292887,6.502637870134646
63,46.441668469455635,7.026523426536202
64,52.33305041325581,10.229620230140734
65,53.1587322220661,11.161119907000781
66,53.60101808539694,11.960673601856127
67,54.277020745686904,13.116072421392913
68,54.65852856436579,13.675622277002397
69,54.55732333434661,14.602833555100704
70,37.19652982820235,-18.591800497377765
71,37.39415327280078,-19.51125280603041
72,37.52164357298956,-20.541445198500657
73,37.4672718229882,-21.285156373567457
74,37.27786046287834,-22.05496727952823
75,37.05071194856039,-22.87403917450346
76,36.73089799263153,-23.739545100322914
77,36.32830789105385,-24.735520666620747
78,35.99581593685015,-25.66333057204453
79,35.69033395023494,-26.539918779941928
80,35.085053708978094,-28.191922148358515
81,34.98049748071805,-29.248092269684626
82,34.73998019349965,-30.05324943570446
83,34.527911810819305,-31.074072352481192
84,34.450701891697946,-31.668866868686422
85,33.645435485622485,-32.227301842377685
86,18.131737294137,17.887068231400583
87,19.35820607129831,18.249223751209367
88,19.51728175740856,18.68980824538089
89,19.887680539302657,19.815993509806123
90,21.115223570933033,21.70684915799689
91,21.559387566716364,22.57560738613988
92,22.304407629866553,23.83251458533415
93,23.189499575305117,25.42207581286613
94,23.609899111320896,26.593293159089438
95,23.896797268034394,28.997833846213606
96,24.548009516960313,30.156853928322892
97,25.12084094929317,31.023986073794887
98,26.410068739898772,31.163946703182003
99,27.84580377125082,33.28248824547668
100,28.324153729355878,32.98704460479772
101,29.712750726376953,35.20449102588009
102,30.035940293122966,36.117361037104565
103,30.557028103855096,34.67529332054757
104,26.569876507979416,8.85159229119208
105,26.487250190263612,10.919383584179151
106,27.575140021237512,12.239256402771776
107,28.022232520377255,13.05264972654163
108,28.594096545421213,13.831329283481374
109,29.159022063294103,14.90732587506375
110,29.73492920828672,15.889527748101857
111,30.408954688547734,17.242440718438882
112,30.834723952756036,18.312120214869953
113,31.479741520882712,19.728509611924725
114,32.205058525070136,21.44064161580406
115,32.69525689546609,22.455711766598824
116,33.56081417014175,23.66840259597869
117,33.99181852568138,24.970789621217172
118,34.4577773692335,25.782715238387276
119,34.89739221954206,27.870512820746114
120,35.062883898182555,28.719637204572066
121,35.92690777981737,28.888654216920635
122,35.516683933093645,-0.7405208758407735
123,36.41407951331749,1.6432700042087132
124,37.50783855979739,4.053115207821655
125,37.65085173622935,4.807400125011012
126,38.091821520698815,6.0319047115253905
127,38.267490963737615,7.00615189138824
128,38.62525047107382,8.155572271008463
129,38.82970683474938,9.338351250731753
130,39.17223947081897,10.435410292297924
131,39.53820013197818,11.464081408384244
132,39.84691111336445,12.325136642894513
133,42.44552393799895,17.70761289146264
134,42.88481854793233,18.564518962727504
135,43.46813835477153,19.45005619136457
136,44.38562620640651,20.922774340720235
137,44.78856434517534,21.72863088145775
138,45.68921280335576,22.04180641262541
139,35.88071049607096,-5.925672706520739
140,37.35409223678368,-0.8955608645115957
141,39.751754721137715,1.6610969866943956
142,40.494743542842,2.0484240575878476
143,41.572041071827485,2.7667828329656
144,42.54556691835373,3.35132851050288
145,43.54851734732513,4.004131275678232
146,44.52949981822437,4.66356573751498
147,45.520252799421755,5.236119432588875
148,46.35215930312501,5.996248036200666
149,47.0401459932231,6.619810882008086
150,51.43615469806655,10.572195377815317
151,52.142513921869124,11.328692754928184
152,52.496766145480365,12.122927762112571
153,53.442221904338304,13.395202545156149
154,53.97295630128206,13.9400698766638
155,53.77688211521442,15.041071725419876
156,36.28964055484573,-17.32445454055199
157,36.57299716505311,-18.438831624809634
158,36.512313873590664,-19.266380058116923
159,36.563811068040366,-20.653682795649157
160,36.54914000502915,-21.74523473922694
161,36.150610013811715,-22.51306609575334
162,35.947274309831805,-23.51930860086127
163,35.55290693162029,-24.437220047343345
164,35.25337564492125,-25.425273980453962
165,34.94928841089029,-26.24966777021126
166,34.330521015044866,-28.077322298749742
167,34.14097011145819,-28.866277691942198
168,33.76272055690215,-29.60663745301989
169,33.80035865474834,-30.867892345608
170,33.74970370943028,-31.438757366702283
171,32.87974559527612,-32.18047096237344
172,17.833833978382916,17.6022973152431
173,18.171323507782006,18.94940161448457
174,18.673351893839605,19.38722658654222
175,19.094589081349802,20.18224790569251
176,20.150353517955903,21.861682606911778
177,20.590948310634793,22.686805925743542
178,21.29982851359183,23.95304823520836
179,21.794153480270033,25.071406977905223
180,22.912737745866924,26.963283260233958
181,23.670798867114392,28.0054576137508
182,24.698857162080422,28.88610881804234
183,25.81440398144463,30.47975530503219
184,26.820631683805022,30.700094226278775
185,27.59370166602196,31.375026133951465
186,28.31599597227352,32.0942663679656
187,29.573331007773685,33.22827074553944
188,30.492288567745018,34.71735144731032
189,31.112002523514413,33.3674983173529
190,26.668753450807188,8.248280212851022
191,25.69461643240676,10.782223650657341
192,25.88666437004037,11.877616323587292
193,26.92399389402125,13.490073966719198
194,27.433753864700083,14.314883756877443
195,27.993843346811815,15.343743078931617
196,28.596348870233594,16.54152429249124
197,29.301119435315975,17.61920688981448
198,29.935478579932898,18.67886799032457
199,30.62494854889012,19.817750678353015
200,32.91835904177508,21.156671429166295
201,33.4443268472394,22.06310126342962
202,34.6227470580355,23.39988835711309
203,35.05150696739426,24.45493574509614
204,35.47888649045142,25.20301995202294
205,36.05133228523175,26.487046864596916
206,36.144739251746095,27.884446609816802
207,36.69110828537452,28.048642209608563
208,35.2977565566871,-0.18161869557616464
209,35.72787656420456,1.9019517845486715
210,36.09881436532273,4.192035061159602
211,36.52094038424034,5.659556751651235
212,36.73181302387413,6.7482649896842295
213,37.18992839715959,8.173225931656921
214,37.463870606975725,9.377451456896011
215,37.99669248038615,10.589220940151199
216,38.81936297061445,11.951901294056015
217,39.28563278992613,12.641633702471303
218,43.10436301673256,17.040200060796497
219,43.642564866046555,17.884866288155994
220,44.24737897085409,18.40483733725318
221,45.133494875842466,19.519288227583694
222,45.62030462144495,21.061269778100346
223,46.360036054976426,21.049770516204386
224,35.136920911316984,-8.277290321488216
225,35.580287850700394,-6.977998513966655
226,36.98034168606953,-2.1072828095022587
227,40.02206721334233,0.20239965432206145
228,41.22376252603021,0.9660742017549299
229,42.82155390986254,2.105504750553364
230,43.70782438962095,2.494324459869637
231,44.94920333036749,3.3666480659377154
232,45.939601053702425,4.235880422874816
233,47.034047467836785,5.491478099725959
234,47.60937005218221,6.32218821673669
235,50.72271497839402,11.010689258880621
236,51.14713584758292,11.745485745775827
237,51.50109360935032,12.606122900016022
238,52.215938987579676,13.833886032605598
239,52.85693211848391,14.559071778008882
240,53.183623198696125,15.602812510143778
241,34.86526555361971,-14.899853474465289
242,35.57937967914035,-18.162473659196753
243,35.576758209136706,-20.138896657873655
244,35.248281070553375,-20.68591359767772
245,35.020484958222774,-21.95265028644736
246,34.794384055398226,-23.033395215419052
247,34.43376253215456,-23.870000137081387
248,34.19855136214847,-25.089456684688678
249,34.11611329505429,-25.777350749716067
250,33.25555290472941,-27.879581504405973
251,33.203352379872854,-28.707845907369308
252,32.8192063322226,-29.56499181448385
253,32.63014108553323,-30.4659473469649
254,32.516113840517605,-31.198639678371375
255,32.00580587739628,-32.66749882229345
256,16.27825818433183,17.983497826634306
257,17.233301583391338,19.53038855098147
258,17.447844503614846,20.318055598251465
259,17.82803319536022,21.23826779281877
260,18.836041820181144,22.938710349452915
261,19.370773647296737,23.88463533733855
262,20.281198936500278,25.225796450442022
263,20.971642646765822,26.081324377863314
264,21.935052425426587,27.301739349385052
265,22.6318519713721,28.04623447710507
266,25.791572080946715,28.44944040994831
267,26.555992394536638,29.12622925472927
268,27.622933010449643,30.077124420751613
269,28.412775079961683,30.59892878014358
270,30.406820989236856,32.819027738218956
271,30.58785191263133,33.04737163478009
272,31.38315070867602,34.50028946757843
273,32.172000144204866,36.78277846386628
274,32.201231488949695,36.74467355706665
275,24.411734006691738,11.55996087736879
276,24.62752221129114,11.890542859947937
277,24.93962605717986,12.533590891937077
278,25.626011813714715,13.878746154466842
279,25.93520123845253,14.810929848444118
280,26.499746246732464,15.851380651455608
281,27.153659326008242,16.962828413329618
282,27.873812263708913,18.02787174939824
283,28.54514803674065,19.163207228833176
284,29.058872936134467,19.77307044982163
285,35.23108147996862,21.32222958792312
286,35.4653346876691,22.00760908518577
287,35.81847742215872,22.859452857827886
288,36.48458120775935,24.547512742569772
289,36.84766913088398,25.696313206858477
290,37.07102110434266,26.28217499095056
291,37.666378642121316,28.7677512058765
292,37.85620639348366,29.43739326700082
293,38.60756627913661,30.230826594543522
294,34.629279127236586,-1.2547864925175365
295,34.588027393455626,-0.22911678436699484
296,34.844538353225495,2.5069526071729733
297,34.89341562603582,2.9759322368274694
298,35.11900621845304,4.3022733533562905
299,35.34507824603424,5.494237227929705
300,35.51947110820277,6.626153097464904
301,35.67112513652352,7.885454766762688
302,35.849082396654005,8.952762084667244
303,36.11406941950234,9.694039590482923
304,42.429618839088754,14.458851408757344
305,42.636191279147816,14.77488627569882
306,43.85227948165253,16.214823725417684
307,44.64468250612225,17.196271074399316
308,45.66337472868005,18.36100511852704
309,46.04350434036088,18.807450846192946
310,47.573490205179446,20.842552318817383
311,48.24189501720496,21.29293758888762
312,49.71934957499657,21.475954402543554
313,35.34682309727081,-6.055498608756301
314,36.51834907168774,-2.636853368718108
315,38.424582050101314,-1.536399032496903
316,39.36858023957345,-0.9896190029191279
317,40.606792350733116,-0.3384921337830744
318,41.70933483630752,0.18249770583543046
319,42.907065649376285,0.7753088552324711
320,43.82592209147786,1.0818160051340926
321,44.86536396629832,1.5753386314598394
322,45.48164153041123,2.0080724478389333
323,48.212929992217894,9.604335339690142
324,48.49634993261273,9.97014925827515
325,49.55147269950407,11.670546497779778
326,50.17354372040395,12.650275522163072
327,50.709536435717204,13.67075171587807
328,51.07508905363781,14.473960973966397
329,51.97860059360274,16.487840187751555
330,52.16378345883866,17.37402750679476
331,52.05462392269039,18.790063330020956
332,34.87403740684196,-15.457083137496488
333,34.95876046296249,-16.14680220763946
334,35.01507883363257,-17.363106350726955
335,34.85946248668366,-17.881899895513993
336,34.535168981177854,-19.90140522301154
337,34.26038398881946,-20.62957815347642
338,33.8334648540924,-21.334700900626746
339,33.5560810875788,-22.324470576692697
340,33.31900843084702,-23.26530058133111
341,32.627715941621446,-25.25573829956191
342,32.34374253825767,-26.125166468707818
343,32.046441001597856,-27.697357990829246
344,31.793243153101404,-28.43636460670746
345,31.652777982528146,-29.346573007022396
346,31.082504185638154,-30.170775809212046
347,31.075544773494336,-31.525728109396635
348,30.776143717756952,-32.00879855162445
349,30.052425258325833,-32.742937667408064
350,15.642911019633464,18.92220194617674
351,15.847273025647663,20.199597339640178
352,16.131725408659538,20.709531060828322
353,16.43100379233825,21.72980025224026
354,16.78766983631723,22.57444775925604
355,18.0977630593807,24.589527536773282
356,18.787664303973013,25.55283254662096
357,19.431811555315882,26.40780960230927
358,20.166175463742796,27.294642395325432
359,21.024119142632756,28.009076803478475
360,26.66225530769257,27.71430015333505
361,27.452512568895386,28.329241385532757
362,28.18450853120101,28.669834445988812
363,29.465599535893116,29.890724890102735
364,30.431282879172677,30.769118381610905
365,31.021273872514897,31.187268662536095
366,31.765348897474784,32.72993645410838
367,32.336268380508656,35.24064137044421
368,32.82534447831069,34.34151475432551
369,22.898037909559324,11.735971552439064
370,23.20980325886082,12.274953112816707
371,23.511096951296036,13.053493386918625
372,23.95661016227246,14.243205557268784
373,24.372300473445126,15.22968061186816
374,24.924041474410878,16.31877802898117
375,25.509144549331822,17.37932409463963
376,26.184892922543757,18.364412158783075
377,26.844364911050597,19.307626723739663
378,27.151151989236485,19.878366986158618
379,36.59471794369563,21.101029345096
380,36.87664375882647,21.755457259036806
381,37.33331176390632,22.522927494472167
382,37.89190388542323,23.96270904881349
383,38.24284342024397,24.939093531773953
384,38.615463532482025,25.64820205496251
385,38.814217193088865,27.76301060313871
386,38.768838732850874,28.758192690160325
387,39.56536886440896,29.805807369999084
388,34.21729150022819,-5.5545139836253625
389,34.30195723678279,-4.679205680373335
390,33.77583248457124,0.17578897795109083
391,33.568834323343964,1.9407256034759595
392,33.47026676380697,3.668577066063725
393,33.41028469167221,4.647693783681907
394,33.42247881087432,5.67407934436518
395,33.64265102455711,6.948044533489261
396,33.709990579708645,7.902130116882725
397,33.74239098520104,8.458904276499375
398,43.44310777499836,13.949273863513323
399,43.79700504839506,14.349528150327629
400,44.8668154431915,15.422298949667578
401,45.47109793998067,16.032268683754932
402,46.289426923091575,17.080328760396284
403,47.24905947180247,17.30004892653156
404,48.250834713095585,19.486281737767026
405,48.69438895168267,20.649163406535273
406,50.205620605558586,20.992150489319634
407,34.81681414669606,-8.388777988146854
408,34.61902794718594,-6.786373287908682
409,36.22013434296519,-3.9750066706806586
410,37.001528896140215,-3.5376409452884623
411,40.23484914630407,-2.2160126986894126
412,41.79726426924157,-1.4004955784755482
413,42.583689012879034,-1.1975329159877681
414,43.7425321266136,-0.6310293126706921
415,44.552771717239885,-0.46706010878427984
416,45.1375492782189,-0.37833938122425526
417,47.296886373559296,10.42654920530463
418,47.60283344682281,10.837933946410594
419,48.575488308415395,12.456258542792323
420,48.92944172865505,13.19663695837913
421,49.427744776608506,14.135675213312629
422,49.805765811723326,15.183973633961875
423,50.90477611188613,16.773422369330518
424,51.41613508133507,17.610417289682196
425,51.62453932895448,19.08487814326507
426,34.654643339189136,-10.641797080463109
427,34.1500594953785,-16.044918145296155
428,33.90138134471056,-16.902278936123473
429,33.60045412330052,-18.919270315469923
430,33.22456692712363,-20.064876650139077
431,32.66116857999222,-20.470702408431354
432,32.27908705150073,-21.284227781529093
433,31.927569934003838,-21.821522148601467
434,31.257306681591498,-25.04980003375683
435,31.02514963260114,-25.70104403253178
436,30.751604320953625,-27.259592621028656
437,30.534278094524776,-28.067661821403785
438,30.47317197133164,-28.797910685351507
439,29.91975871280389,-29.83068548440868
440,29.947414298473177,-31.05502541657732
441,29.8858704414655,-31.636588511974935
442,28.99159135145913,-32.39605097308043
443,14.903001091932087,19.65852036695863
444,14.871841843759098,20.584582345720403
445,15.017312180631903,21.099978467390986
446,15.397674383976431,21.93438580347782
447,15.814108524065613,22.688324987544043
448,17.36455376642175,24.979119296540564
449,17.962238712639408,25.913336220003917
450,18.561436043175746,26.715983585372676
451,19.348517212192487,27.544836885966273
452,19.92914240124505,28.08264480784685
453,27.364560587563293,27.050778528781468
454,28.02601232477611,27.541394536170717
455,28.657659584459143,28.004025600760777
456,29.293035199598595,28.633774894907575
457,30.786674375720715,30.278390369324587
458,31.251799418372034,30.61896780461803
459,32.1609939909574,31.973838207289372
460,32.743134892686996,33.275064732399144
461,34.373875476024885,32.99747069550755
462,22.25647932275371,11.806433726220895
463,22.319746369671737,12.151149390550623
464,22.709297840691047,13.30109855847866
465,23.02911550451685,14.336502562117897
466,23.469713525972256,15.477823519557502
467,23.970305827425673,16.549779831470563
468,24.67326858652373,17.71363789260419
469,25.340578990735523,18.710493884415705
470,25.921828915081992,19.5564338538999
471,26.361825880153535,20.045950020046327
472,37.39095490996823,20.946938187019345
473,37.70743941494133,21.491407505812795
474,38.14875794753385,22.30061557237458
475,38.47701282339479,23.187956395518672
476,39.00092520593985,24.739855443734445
477,39.23387660656996,25.478986695632535
478,39.36862637629703,27.009396493601187
479,39.36655816089701,28.35377512664824
480,39.86979667851026,29.562870805861206
481,33.896802087591624,-6.025513789393988
482,34.11987643656447,-4.498407228828524
483,34.17295872537977,-4.27297436852569
484,33.172865988557376,0.794365144423913
485,32.93042812743563,1.7486981471224956
486,32.62264848634886,4.729746994695404
487,32.595625602192,5.6552907957572724
488,32.64169568053391,6.521934614408536
489,32.784838450108246,7.632860482586273
490,32.80694205806634,8.071347171716491
491,44.075829042694444,13.501380310857389
492,44.348146326884894,13.759903939640886
493,45.48893171021283,15.015601807454578
494,46.075563422815996,15.63155244835254
495,46.64209540860902,16.418545228422865
496,47.51449819687373,17.00176531753394
497,48.58671123525655,19.210146209289025
498,49.01771665389253,19.917900229647852
499,50.40880334458908,20.596738227628222
500,34.35175912969702,-6.956570187061164
501,34.35214955644439,-6.912115757871829
502,36.864949107731285,-4.046559211600469
503,37.480631081847214,-3.8548386092033056
504,41.396107837333865,-2.454381378190968
505,42.478586309543815,-2.1767592995550222
506,43.55843864865029,-1.8192897250484608
507,44.42913090361527,-1.5072926858853657
508,44.98601216806189,-1.217058611981382
509,46.707605099901805,10.919278133372178
510,46.94898379485597,11.293873721103257
511,47.836087492897505,12.803455807654931
512,48.26173049702224,13.605040688010552
513,48.68061384347377,14.316576285892236
514,49.39317485175004,15.507800720807028
515,50.257188686107355,16.788053244761173
516,50.809899300021016,17.707043971862294
517,51.37011294571084,19.292727693852697
518,34.62603161183643,-10.695843714428042
519,33.551648260592785,-16.624078584057116
520,33.091388649108644,-16.435966664254682
521,32.493099802675815,-18.415998851317653
522,32.29581958302925,-18.51115744256008
523,31.528277578984657,-20.991612197360947
524,31.286425965553654,-21.290421763417946
525,30.413894164690877,-24.67282568144911
526,30.246385621243146,-25.56300621016618
527,29.976700857631723,-26.729924180124602
528,29.669956044695198,-27.972034059018238
529,29.500255692801506,-28.70568508486605
530,29.2953815915355,-29.66142066931374
531,29.22459322006434,-30.76505538517427
532,29.195477882846806,-31.307420460417
533,28.743108246019176,-32.37238212450163
534,12.410983834524151,14.548466845674213
535,11.539943358219018,16.94610179694166
536,12.776163455568184,20.548784182086674
537,9.979057084314716,22.657939073564194
538,9.175443712061732,23.301325628424692
539,8.116297625530724,24.040215264090975
540,7.146827463073113,24.64395291642159
541,6.445050868254994,25.036245351716165
542,4.7595235815320045,26.231919180059478
543,3.7716483082982344,26.88969936172271
544,3.0268904288060003,27.75846028479624
545,1.9494688454904743,30.213336720553006
546,1.7476726204925819,29.17911586596461
547,1.7921489189013806,29.570195566316837
548,-1.0101380032158322,27.007081720554975
549,10.463665884738345,17.334912132761332
550,10.160693172962338,17.337215177130773
551,9.682137928685227,17.40351082215027
552,8.702344621538831,17.970230747101926
553,8.018044098818914,18.795187660432198
554,7.4908850715366535,19.369093666849835
555,6.692807178279889,20.12828628249339
556,6.2799172871960005,20.47624403134871
557,4.420633788062014,22.981441622609495
558,4.544746485909746,21.862102734546273
559,3.775807649708783,22.979879252682995
560,2.6177758635948605,24.436911007563893
561,2.2752698734757404,24.834463274471897
562,2.0961272289512203,24.965778210928747
563,5.624946237770024,8.824312624588542
564,17.862636711858592,1.0073731955694487
565,17.61626915126744,1.5386774273512371
566,17.069314976019744,2.527460116632099
567,16.668176004173354,2.964934008075023
568,15.999952466895694,3.3986250369042943
569,15.123891504847904,3.917916509744388
570,14.190624521146527,4.368996991531732
571,13.54965793858273,4.629958491677743
572,11.669729464777538,5.363625884164363
573,11.377431868408602,5.255214100956182
574,10.340356916941229,5.871235525785243
575,9.735082589159692,6.239193416502483
576,9.116550139478553,6.843440342620538
577,8.886974787375594,7.164026817308964
578,7.955525379407144,-7.118494744838176
579,16.57786280694561,-8.743258285052384
580,16.90180252195661,-7.652298190747213
581,17.060367891039704,-6.000529665746789
582,16.870566710133883,-5.481823765195154
583,16.48608056104973,-4.880941372465926
584,15.922634803652493,-4.3414198016324725
585,14.859151902343287,-3.606969144325342
586,14.264958866945463,-3.2641186183869535
587,12.274777754119135,-2.34990466356659
588,11.81917924450373,-2.1091966531077
589,10.871831970251002,-1.4076036622565686
590,10.332756061108016,-1.0140510600254542
591,9.656658337048535,-0.5855438722387085
592,9.376257945063516,-0.435428988672722
593,8.365445435551166,-7.959584790795281
594,15.66818591879178,-11.147930927795185
595,16.21613861572757,-11.605150387186997
596,17.229398383269015,-12.508484079024505
597,17.659438004886987,-13.103988043430462
598,17.88486108735568,-13.804252803759562
599,18.081307354033253,-14.864651852247176
600,18.121373228809755,-15.854683139322768
601,18.09223861618546,-16.519088947204864
602,16.820057842283667,-20.84438280001156
603,15.798106613188114,-20.75901975243329
604,16.148247115055913,-22.174019110224705
605,15.990379109061259,-22.666837620420626
606,15.78760277065353,-23.384880479829597
607,15.746705379588136,-23.626232390378675
608,8.803028472075255,-9.736531942646902
609,14.091633109343277,-12.396412710804624
610,14.364598269517355,-13.091511144904391
611,15.0719540073783,-14.387616874602019
612,15.277091791030818,-14.900779059158708
613,15.559884784696074,-15.556729802315058
614,15.914457076752964,-16.397097099898865
615,16.36055868061675,-17.292662867452666
616,16.737941869360682,-17.989120413694245
617,17.244417029604943,-19.06803485828275
618,18.971978558896364,-22.93076031334918
619,17.558421603784073,-23.94564845081691
620,17.16289966842415,-24.435611789095585
621,16.70082436240984,-24.98490476726943
622,16.5704636792818,-25.240168514821814
623,9.003818474123785,-10.57511405534134
624,11.96263516989922,14.553709528735856
625,10.648511184139435,15.638628612893372
626,9.823809797943616,15.888721906109815
627,9.123332779802585,21.44140245275922
628,8.699671095140543,21.971536828238015
629,7.783912664758088,22.815780601921638
630,7.050509159511997,23.37255042585162
631,6.084284099443853,24.09772555741842
632,4.274024658921002,26.011453164142434
633,4.978737296254626,24.358142639278064
634,3.04183622768676,26.65918766281459
635,2.290809987158639,27.321907678656515
636,2.2392776730028348,27.44720094527305
637,1.7275048175516556,29.52148669050828
638,-1.0985351626495674,26.775517238276535
639,7.289142367601888,14.362658364870969
640,8.209251877238206,15.864583127752569
641,8.301643506581184,16.22394002325146
642,7.6153164581374915,16.725294908072105
643,6.900169761108423,17.387335337329773
644,6.376043234055464,17.908710195358847
645,5.461699289714531,18.964150062606535
646,5.073352179249025,19.411830087627944
647,4.205304741159898,20.78826093475477
648,3.8951043168517843,20.73927540187742
649,3.148671104391674,21.854033596391453
650,2.392196852271208,22.878128439405057
651,1.9962242079607417,23.07659279535171
652,1.7390238114270646,23.19439488832
653,5.134371719569041,8.567172759238206
654,32.06882681012031,-5.5593146513317375
655,16.914244598986954,0.20507805166516957
656,16.295844127688326,1.2312595504149668
657,15.682757915571816,1.9051658038936776
658,15.135006315227102,2.2647035816393637
659,14.589188475003562,2.55068096231216
660,13.165776605734845,3.211745783763781
661,12.631546692468397,3.4528500791343815
662,11.037427551475135,4.087737827087255
663,10.381419719044077,4.011435143309809
664,9.514809739165127,4.537456028226
665,8.725817763268818,4.971677966500338
666,8.216272658661211,5.252873730554337
667,7.880061675645151,5.492507049960162
668,7.208463382690133,-7.486129898869627
669,33.61392532305998,-8.065088243018474
670,15.7828502682441,-8.799843834737187
671,15.870452332937182,-7.05572428934564
672,15.644217797557996,-6.2972355478747595
673,15.232528405794683,-5.645676418511053
674,14.658872656278382,-5.14042696230996
675,13.997045450944672,-4.668531803153064
676,13.291934317355187,-4.195389193215861
677,11.790833800983565,-3.20751003853323
678,10.819038217909329,-3.3237730453713445
679,9.8329091318763,-2.4617418888062366
680,9.305863900391275,-2.1177877525908557
681,8.73207372188605,-1.6104212634863166
682,8.472941052821408,-1.2353250497300086
683,7.689145550509212,-8.502313229644173
684,14.924031013310252,-11.212256421991281
685,15.887762557427202,-12.431012508657368
686,16.50302003729349,-13.381216339039808
687,16.774780881394282,-14.000540761983938
688,16.971809286820818,-14.799250693056642
689,17.029681149866857,-15.460207556705674
690,15.114270278504009,-19.306091865872652
691,15.005541089933466,-19.943100798883115
692,14.513420617518536,-20.62353171891262
693,14.356535822976289,-21.837740665487892
694,14.273505735751192,-22.40671769045825
695,14.251016401125074,-23.470784458828447
696,14.108806136930921,-23.644256331176013
697,8.284541750488085,-9.877440419959475
698,33.891826649346996,-10.352415997796735
699,13.521545623329446,-12.320012705769827
700,13.720045642033828,-13.999641058793644
701,13.850552070067096,-14.605856364966167
702,14.395482060834684,-15.808313859327079
703,14.61284272038726,-16.495500311063697
704,14.826596411677611,-17.240193467434526
705,14.891120277267968,-17.827001223136328
706,16.53992019664357,-19.196308001102803
707,14.12720138777028,-18.79255839357206
708,18.81356453767612,-23.060995515859958
709,14.984413798992923,-25.058439612831727
710,15.010761945802294,-25.159489159269295
711,15.751540522274823,-25.577765898807694
712,8.522496926537958,-10.638151340107132
713,11.258897078414483,14.499819732879104
714,10.220587161996143,14.687584111821659
715,9.384992473035854,14.762560714308947
716,-0.3135710192694891,17.060379614402336
717,-0.5944761796568498,17.56627284408824
718,-0.81310830293673,18.14903277676807
719,-1.0242452693631614,19.07519996538205
720,-1.1263293158125167,19.697885571838214
721,-1.1000234445208805,22.410512929706158
722,-1.341387192191862,22.194715138173848
723,-1.2669804957881807,23.11751542223769
724,-1.0720629584359254,24.232421861493034
725,0.9889744283886057,27.8470447791432
726,1.228850125247907,27.2531181662935
727,-3.074867676437369,25.90297358913501
728,6.6111930092131335,13.863877212159796
729,6.106036899355945,14.594866652110252
730,5.719090294084392,15.020048133246378
731,5.186940023224439,15.309261791428389
732,4.628773111930241,15.689998175051874
733,3.801499495402894,16.47617998522639
734,3.3653859045542065,17.110780997621337
735,3.0513321139609277,17.727639405602467
736,2.602873436499481,18.895972139824718
737,2.3871358624445906,19.018313319271492
738,1.8477724873092338,20.164608816377818
739,1.488149122167198,20.807130488585816
740,1.249833996944302,21.212687220993903
741,1.019633177255543,21.595137092149155
742,4.286660993151872,8.214453204226016
743,31.878816870989308,-5.6099081517397815
744,15.911273458299798,-0.4108140595603285
745,15.342534009849397,-0.10360629005421353
746,14.595984272323081,0.3548805822362205
747,13.639273351268209,0.9926689886326685
748,12.944601484760508,1.305662103888174
749,12.173431551822796,1.639746675283748
750,11.320487570490952,1.9846797043484934
751,9.607781657310914,2.5956349875481464
752,8.44001847284147,2.6048704127646527
753,7.543514598184147,3.1634028188222474
754,7.035301688412346,3.5343782470805656
755,6.622870234530243,4.001886557103135
756,6.429386200711533,4.442313723252128
757,6.513830878289522,-7.830978027221019
758,14.730168676646905,-9.004545708481098
759,14.017117145274488,-7.999141237356615
760,13.654815064656107,-7.51321466332487
761,13.11370354144869,-6.831386779881185
762,12.610985086154892,-6.299130054958451
763,12.042042856881015,-5.808591440449847
764,11.514667314213625,-5.449299219562826
765,10.459472397092151,-4.700337488052364
766,9.26762569470414,-4.348498942497069
767,7.911538221137179,-3.501018417073259
768,7.5258246375550675,-3.1903047164062324
769,7.080236446086569,-2.6242625492939915
770,6.932737118638586,-2.3343721100012913
771,6.260315090035071,-9.30823782747511
772,-0.7772890869174464,-13.762706364110349
773,10.813484339458393,-14.448771694185632
774,11.031644808405494,-15.040507685989017
775,11.253483443746209,-15.70646746548198
776,11.501960349047472,-16.544712814698272
777,11.801616335774607,-17.627031666441756
778,11.915921882153405,-18.267381336700172
779,12.101646547980984,-19.521647279573497
780,12.211335768188425,-20.676575242723032
781,12.164721285739011,-22.116383710499075
782,12.222275891024815,-22.773551795039886
783,12.359566634132715,-23.555302483725235
784,12.400312195360286,-23.918971297960073
785,6.421014780171477,-10.334177355447936
786,-1.40759300616875,-14.200058988073394
787,8.975058012313392,-15.750606590359038
788,9.077531489578316,-16.12660725532413
789,9.320794280971151,-16.816949701973414
790,9.737953204639792,-17.896757744501784
791,9.940286273663,-18.669378026525084
792,10.003042570666784,-19.37024643951351
793,10.007695853627064,-20.498193262928176
794,10.119625383492197,-21.582550075897363
795,10.201159136534375,-22.475939393055857
796,10.362808731270489,-23.539295204625894
797,10.449626039626974,-24.14829447527314
798,10.539456527281827,-24.597617680671448
799,6.063590663452199,-11.300450906658817
800,-5.3898524231843545,14.539987743899783
801,-5.231910766177225,14.6690454811942
802,-4.85497355209289,15.003482114375192
803,-3.5821982855108,16.04340534492611
804,-3.1974068531193582,16.762068029450425
805,-3.095296891105889,17.416164752482448
806,-3.135433263748703,18.445172745702145
807,-3.2160608415691976,19.148813379576552
808,-3.216306988036372,20.780226320534297
809,-3.444232137206404,21.328239256450917
810,-3.446240672783123,22.002982797529835
811,-3.5301043939703773,23.064396650360557
812,-3.7104976415102757,23.607396682246947
813,-3.830598306091295,23.965893912211744
814,-3.817680777805296,25.754310887929353
815,-10.309747430278222,10.949781622737667
816,1.8892163913153952,13.91501636988288
817,1.3915899431568146,14.153084260057016
818,0.8685557376109115,14.279056735455406
819,0.21962615964327814,14.270412670554826
820,-0.35197564946612997,14.071303088667742
821,-0.9575154241808627,13.527673105737092
822,-1.2200295920599407,12.929256550820698
823,-1.3406368126381842,12.032527795488734
824,-1.1729849609724174,11.424846714414628
825,-0.6857767351738461,10.647553905374192
826,-0.3604779901563857,10.13280698292287
827,0.02663147116384708,9.639433450260444
828,0.2407479229014682,9.380803001074018
829,3.417103235175147,7.846236456689229
830,-7.793791143478228,-13.731973033280523
831,-6.932423334838218,-8.760212374760076
832,2.4068030284361397,-1.0978182698626473
833,2.6457509265877968,-0.7702235172290959
834,3.05563656891069,-0.23229435572325716
835,3.375990402392654,0.25268650837198736
836,3.595078283264093,0.7785267678141258
837,3.6864549818911194,1.3282113523590504
838,3.80414631215101,1.9533595380999587
839,3.074111555495352,2.474328492215062
840,2.8937280854502525,3.1768164870470916
841,2.6918656503712746,3.637495223233637
842,2.4526659299894757,4.176088874230822
843,2.3602499187109656,4.420703549278153
844,4.976677241329802,-8.9045725993593
845,-3.901083875619728,-13.04388713843103
846,-0.47114268447565993,-8.806211770989544
847,-0.13457942433473657,-8.342406223646904
848,0.31251323116314833,-7.712161976709347
849,0.915319364691347,-6.903333522079112
850,1.3154874716376832,-6.349921403617111
851,1.6817838540055534,-5.86746221904765
852,2.092857356805766,-5.3363803356044
853,3.0217046916971797,-4.414933971720643
854,3.6284378613973285,-3.873498322224918
855,4.074831899587744,-3.491380874187309
856,4.487875734866221,-3.138357152793775
857,4.748940681161932,-2.9175676564645157
858,5.068884434810064,-9.853845342486673
859,-3.421533472631121,-13.438497770994905
860,3.617945723639493,-16.03246970610321
861,4.346248929239053,-16.637024075960632
862,4.6409234935149115,-17.303504895926295
863,4.770634627811889,-17.91012641869913
864,4.954399156745712,-18.836530272699374
865,5.085802962975209,-19.43038456515711
866,5.161685568664473,-20.217335021738755
867,6.017983555931445,-22.37468583554796
868,6.207670858413387,-23.12307403672768
869,6.397918187488415,-23.814413509488514
870,6.541163359597189,-24.49181846950838
871,6.687657364059513,-24.889645536252566
872,5.303045702787489,-10.858300713414666
873,-1.7198541944984822,-14.530899325888052
874,6.982597610939712,-16.32466665807896
875,7.130294837041171,-16.96544527892202
876,7.158379005893266,-17.49412451871311
877,7.309527940360036,-18.333250474965396
878,7.429572628374545,-19.08943205989894
879,7.6405399130548215,-19.870346251818322
880,7.668468136930543,-20.823507742372822
881,8.04106604529969,-21.866232990757464
882,8.236195141488372,-23.074398525025654
883,8.363198166167725,-23.72384917508233
884,8.489683194746332,-24.291078289440225
885,8.599930765069514,-24.829163298709645
886,5.515469535908253,-11.457699266616677
887,-7.692862989284623,14.287218508056224
888,-7.5236819804072255,14.504886822036884
889,-7.511182190341951,14.874183194255254
890,-7.397101627940484,15.697545373670259
891,-7.119690291841963,16.53418006326421
892,-6.8585056494024474,17.370049882413152
893,-6.6969715693923995,18.03366040888914
894,-6.548150629941214,18.724525737471065
895,-6.240084627456539,20.2864306749996
896,-6.237953924587011,20.689517316259906
897,-6.075877319713111,21.713876737575273
898,-5.994097944554288,22.46337210629592
899,-5.758408651781935,23.256368221180388
900,-5.6082554418053245,23.67151989556472
901,-6.122986918649186,25.905586691506187
902,-10.405290950797314,10.451523347140318
903,-9.125028701947347,10.872026498565347
904,-8.235230285627363,11.160557799917132
905,-7.626205824477059,11.220537485137063
906,-6.872686441819167,11.131369467486577
907,-6.1635555969031675,10.896348235223773
908,-5.46760162438556,10.561384825854747
909,-4.879954679247311,10.232930177045068
910,-3.7832061580018475,9.645834670342117
911,-3.4117556229399133,9.249773199687885
912,-2.4894026691067324,8.783123397793334
913,-1.9866585302630675,8.431683770821088
914,-1.4520328552431074,8.058733728653467
915,-1.1200042162547341,7.894805107693823
916,2.5280307425094746,7.389533394611696
917,-8.072645642894624,-13.04285779065491
918,-7.2620913545361425,-8.779285417090616
919,-6.502269063532741,-2.924837478182097
920,-6.297130980658657,-2.530855689858723
921,-5.784729987492489,-1.7483822929767698
922,-5.274131360032251,-1.0137510408079564
923,-4.753296296055044,-0.32107929781356004
924,-4.389398422377811,0.12905128826645418
925,-3.9321015930790257,0.7467289118547354
926,-2.2435222348304835,1.6135988392993912
927,-1.37694649965629,2.35020312649328
928,-1.0555837459469497,2.7320825812899714
929,-0.6727270092731183,3.362310944558281
930,-0.5179824731801681,3.6457753314868038
931,4.150576677370306,-9.359147702741462
932,-6.212207886342876,-10.157622146357646
933,-5.795288094840594,-9.824771483812865
934,-3.774111945360436,-8.321668321225117
935,-3.1125426740959776,-7.5963971712651315
936,-2.662674494481497,-6.911249575434477
937,-2.2216368110712157,-6.1396689647770835
938,-1.9322621144237881,-5.60343570271454
939,-1.7763210884420901,-5.098162316865394
940,-0.5070703590330837,-3.6564079585481046
941,-0.22233431842934506,-2.937098006459082
942,-0.03789865875778301,-2.459279885107176
943,0.12276504118856194,-1.799851944624278
944,0.17050865861537703,-1.4832433769041773
945,4.063519288207968,-10.355731929569048
946,-6.249597779928031,-13.002477777970228
947,-2.5672210646508216,-16.444628032841806
948,-0.46525649305769595,-17.229693338596732
949,0.4191414825256082,-17.756318572579605
950,1.4521868815802683,-18.605061856133894
951,1.9110605569811796,-19.204199801736006
952,2.351897790879715,-19.916656859897586
953,2.5857774295995606,-20.44545259416789
954,3.7305019322294353,-23.023288596000548
955,3.9485612931823924,-23.736724430068
956,4.14175215619022,-24.277097549626227
957,4.425796643203059,-25.097598745515985
958,4.5433931075178595,-25.470357827312935
959,4.241162874003717,-11.212994022216352
960,-2.021573333511829,-15.63332761598633
961,-1.504010966856499,-18.023175419361575
962,-0.03220181963403516,-19.642003830737465
963,0.11849908848497319,-20.05527889236793
964,0.4317772587349542,-20.76409175555351
965,0.7680576584224474,-21.458414617427216
966,0.9575156018951444,-21.92168300696935
967,2.0944617166241324,-23.663500134838888
968,2.3181517049545324,-24.5834008189886
969,2.595534180397317,-25.14887581096316
970,2.8396391973129926,-25.737331569309763
971,2.996411954032978,-26.206852250416176
972,4.18018860552636,-11.818171570599585
973,-10.28980925852131,14.321173889732306
974,-10.289083139433187,14.6431121180658
975,-10.177980214791956,15.137342093204758
976,-9.997324519622762,15.723456532949395
977,-9.648976110712033,16.582244807342384
978,-9.353910696495694,17.291511631947984
979,-8.932553246412219,18.24340887429776
980,-8.77674497381897,18.63971879680556
981,-7.704397678998306,20.71312826011214
982,-8.14655738095521,20.908873820441233
983,-7.791316199397362,21.665318497760286
984,-7.51504104192585,22.68221144741348
985,-7.419520767907581,23.11872707665155
986,-7.31933737626477,23.470342237871765
987,-6.34328617608921,25.922471993302683
988,-11.2168429024796,9.229742665942107
989,-10.304822613230058,9.08188490684109
990,-9.70358617882562,9.068838765420088
991,-8.997128624047035,9.042097605748173
992,-8.371277757391812,8.929820071603453
993,-7.6355026547047755,8.743206460557792
994,-6.900370744601918,8.496182309141084
995,-6.334335920807366,8.284710097707563
996,-5.1781978503068595,7.95997818580665
997,-4.567606866988534,7.4096154092277455
998,-3.850565541501767,7.149183899498995
999,-3.1556516049164394,6.8590386213908445
1000,-2.679379275458983,6.660730214091536
1001,-2.3671480551979007,6.572893037301599
1002,2.3365729805642856,7.285041955271357
1003,-8.31699408634865,-13.195951487956936
1004,-8.606966556793997,-9.60919838677969
1005,-8.295861879565841,-7.539109020297154
1006,-7.880783430442881,-1.69270698562746
1007,-7.669195256008287,-1.1819660248618327
1008,-7.298974279941055,-0.5164964254904468
1009,-6.629858355680627,0.43661346719950883
1010,-6.268820741489615,0.8412761853073097
1011,-5.733417074178283,1.3888087837280545
1012,-3.705601933850547,2.5979067528351236
1013,-3.312595847849522,2.9711597006514787
1014,-2.8155304201036437,3.428047035035437
1015,-2.411799087945976,3.7807003513587962
1016,-2.149486065409682,4.033241412881794
1017,3.575208928843534,-9.847624173752298
1018,-7.605698384519,-10.664344402165327
1019,-7.165751790956896,-10.34281707332404
1020,-5.575549592969241,-7.753801590571885
1021,-5.224389727902476,-7.0682097469841105
1022,-4.7648036724144704,-6.176673040420706
1023,-4.3730375432753466,-5.516483797948458
1024,-4.031713273836561,-5.013776232398205
1025,-3.71819319352679,-4.578577847958089
1026,-2.310074850568467,-2.8111694858581573
1027,-2.0380494565058083,-2.2938385060770643
1028,-1.7793925394536843,-1.8260427649849256
1029,-1.4332766332964746,-1.2257954192499236
1030,-1.270767289313085,-0.9612166827843637
1031,3.412226260790106,-10.823406304858217
1032,-4.113916833723475,-16.92567590017762
1033,-3.901866028523487,-17.5680787972814
1034,-3.7911178938402523,-19.289912971573052
1035,-3.710176487118092,-19.814846849989554
1036,-3.3460839691349804,-21.135714531816348
1037,-3.151467835862527,-21.672181787225355
1038,-2.911129762380817,-22.215677765384182
1039,-1.1007531879147006,-25.195827943808602
1040,-0.819475222637187,-25.70664643531794
1041,-0.5242292031648483,-26.206622299363826
1042,-0.16900865991401706,-26.78205187018615
1043,0.04330495231748477,-27.0666744396242
1044,3.48388421796919,-11.536096108309152
1045,-2.2494886704825596,-18.756202965925336
1046,-2.0152184343867825,-19.503954856852676
1047,-1.7513056916582133,-20.143672049330593
1048,-1.3499050540928763,-21.058550423193925
1049,-0.9549414852492534,-22.068605301681576
1050,-0.7827504719290843,-22.505682623740427
1051,0.4930431345513122,-24.219717435414815
1052,0.8350992985153819,-24.98265102196024
1053,1.1337093840929533,-25.55884963469438
1054,1.4062608033626114,-26.162035809941408
1055,1.618013953027437,-26.49674263377478
1056,3.5386870622096627,-12.033614130593081
1057,-14.16974065736189,14.96610008242754
1058,-14.361214745729958,15.008230294311979
1059,-15.605283113669667,15.948897126833819
1060,-17.98776141074556,17.024758139290732
1061,-18.700381010804744,17.33986669951166
1062,-20.39038153624388,18.039375311810037
1063,-21.847631593009044,18.564517192985846
1064,-23.521623730412465,19.09331178603257
1065,-24.540699760435732,19.30147921681319
1066,-25.909568412538157,19.604727121899153
1067,-26.76008727718524,19.815672239581897
1068,-28.495535465022627,20.182882697115392
1069,-29.424575916008433,20.61560528946122
1070,-29.55229412298967,21.10899571285012
1071,-57.923842870892,1.5847640656029276
1072,-14.071026008453414,7.732435715937264
1073,-15.779687918205404,9.767792296980431
1074,-16.412498908620428,10.23140502583211
1075,-17.349664895750013,10.561772754442758
1076,-18.4862597680932,10.857080886692215
1077,-19.803338864747882,11.061092870690135
1078,-21.76749480299471,11.409390938449725
1079,-22.610280570649586,11.620834450338696
1080,-24.95867135955429,12.386671634484609
1081,-25.653321347865035,12.571430451668252
1082,-26.890454310687254,12.97429939743808
1083,-27.591545328546065,13.181074841886375
1084,-28.863384277423208,13.757651004882607
1085,-29.424868457383074,13.979596899998105
1086,-59.1877959487298,0.22922268281178912
1087,-9.439568907056989,-9.477314037739099
1088,-14.365501843886273,-2.0359073221290056
1089,-15.195222863049986,-0.7357193768522927
1090,-16.166762792970648,0.41229535467227846
1091,-16.965945397835267,1.05538020729751
1092,-17.87851074128023,1.5118421044742205
1093,-19.082635764794876,1.9908465397796136
1094,-20.20340471356222,2.3560367784138445
1095,-21.984869076536082,2.7953488811333114
1096,-22.58483826415817,2.806237638626917
1097,-25.6414005919463,-0.03128370113070824
1098,-26.524079951386614,-0.33818829655837335
1099,-27.283263231855873,-0.5868231923926459
1100,-27.981149690897574,-0.7187393688346518
1101,-60.36310201798896,-1.111384427167982
1102,-9.8582159733794,-12.598787348569129
1103,-13.8336814707486,-10.577640147209605
1104,-16.07161200933041,-9.43712626739275
1105,-16.940348019136326,-8.64837284792319
1106,-17.84088491348756,-7.967158322140786
1107,-18.729392909604975,-7.445011054621341
1108,-19.629552458139568,-7.0296016716655565
1109,-20.881606816929732,-6.427987050401086
1110,-21.962883294687032,-5.8754473472025746
1111,-22.85888883975203,-5.462053513512235
1112,-24.434223542534042,-4.616138799071712
1113,-25.34410398866002,-4.0805670063057375
1114,-26.22821069368542,-3.58071887734858
1115,-26.79476016298872,-3.320518246580352
1116,-61.62762560031325,-2.3599350759724405
1117,-10.203682518243722,-13.13923586099033
1118,-13.093454614804822,-17.348942006361497
1119,-15.043509177963548,-18.5134953575768
1120,-16.081853036514985,-19.76245735915945
1121,-16.737041926084878,-20.63461683271337
1122,-17.50247110717733,-21.739563038422713
1123,-18.08209619462717,-22.619070978332218
1124,-18.808402028579426,-23.810172070452637
1125,-19.36832205711172,-24.80621166237694
1126,-19.963132699425795,-25.875988785512163
1127,-20.564851662151856,-27.169675979101836
1128,-21.078314122996236,-28.271399760853075
1129,-21.57783774540719,-29.231309666197678
1130,-21.892332667843608,-29.869911319198792
1131,-62.67401145871026,-3.3755915140088435
1132,-11.721840332887412,-19.079260139038123
1133,-11.941195652171917,-21.058143373488925
1134,-12.175157592685919,-22.25371990316666
1135,-12.548605748351862,-23.883539906412857
1136,-12.840640136728931,-24.81921435709328
1137,-13.344818143752727,-26.07829662613699
1138,-13.94293282364903,-27.361054717176525
1139,-14.599626257023745,-28.38540050061856
1140,-15.197835359418795,-29.181802756218058
1141,-16.644215759039678,-30.999360109028956
1142,-17.24594819927812,-31.666272042846195
1143,-17.928342095144604,-32.47747158295869
1144,-18.32368198581055,-32.75746781648547
1145,-63.20615503681308,-4.137607976318364
1146,-15.109253165581555,13.978397910352948
1147,-15.158255154629538,14.74058499457744
1148,-15.845576077777137,15.125475208571562
1149,-17.751329913170782,15.777915477647447
1150,-19.333049554783507,16.663104317552474
1151,-20.384812411544466,17.079813971676444
1152,-21.96924296171698,17.668524018452622
1153,-23.376756458628186,18.175460458857394
1154,-24.641400561890496,18.491294162739642
1155,-26.081528530758085,18.832428110070026
1156,-27.494052486863,19.189833189184803
1157,-28.265877274533548,19.32345176874692
1158,-29.972591898864263,20.514514451852648
1159,-30.092100784115736,20.536124190638493
1160,-57.821381263370235,1.3874584832717751
1161,-14.582856252947884,7.014095415723648
1162,-16.080824213180822,8.770649234476588
1163,-16.913541282440903,9.499007004686337
1164,-17.776789431993357,9.814196439716893
1165,-18.698865133835696,10.062568265449269
1166,-20.538601259324693,10.370399319889943
1167,-22.033568982528923,10.658703802847544
1168,-22.89459923194264,10.803138688471618
1169,-24.460816734245103,11.193253638889932
1170,-25.99884021396311,11.708391537818004
1171,-27.011842355374903,12.022767662767142
1172,-28.00988759216263,12.465355766213406
1173,-28.986441452266142,12.85764564573087
1174,-29.56105272967001,13.27005042536875
1175,-58.96347623127453,0.05442930752041596
1176,-10.461255081305165,-10.995411623425992
1177,-14.584344092867694,-2.7277437849877053
1178,-15.6577718143557,-1.445271159974959
1179,-16.591460187313647,-0.481147484051852
1180,-17.45044859324113,0.07954728247478006
1181,-18.513395445504024,0.7199212243265439
1182,-19.64272570746547,1.1888314226070693
1183,-20.69797715035034,1.5835374718660458
1184,-22.09390999209281,1.8971960761584878
1185,-23.22995287677877,2.131173478104805
1186,-25.690019568933945,0.8178671103765862
1187,-26.64875678918857,0.5274151694035419
1188,-27.668055733109412,0.2014852180355758
1189,-28.24507089721313,0.011262539318793091
1190,-60.29168056886654,-1.7019726267031157
1191,-13.5596231831918,-11.579121087155897
1192,-16.419430915982876,-10.134929909308193
1193,-17.282235457396677,-9.621989856787872
1194,-18.188584899206983,-9.127809012435376
1195,-19.289234570294106,-8.463975311525013
1196,-20.247402133913376,-7.863579632236107
1197,-21.29368697274316,-7.329355199672442
1198,-22.40204332962954,-6.772774882954029
1199,-23.612746746370522,-6.14956282223411
1200,-24.58761763654654,-5.6094307108547214
1201,-25.895607660535834,-4.847536419494826
1202,-26.704337543297136,-4.347720038507017
1203,-27.27373561362988,-3.9607554825996716
1204,-61.40202434579504,-2.9665459579562747
1205,-10.569702526194293,-13.263099682290951
1206,-13.096091684250244,-16.199864379269613
1207,-15.606554157427224,-18.218838548168296
1208,-16.55699733092163,-19.158507915969334
1209,-17.114771527272488,-19.74986184280695
1210,-18.14467198883151,-21.146161804311017
1211,-18.75211252803617,-22.03928348954407
1212,-19.315467841081443,-22.884032044120833
1213,-20.229535099874493,-24.435106090358182
1214,-20.944610050420376,-25.932561357348188
1215,-21.400077636746502,-26.930209703131084
1216,-21.871427107110893,-27.96271466215883
1217,-22.417614323036673,-29.179852270426878
1218,-22.644246824147743,-29.74880718521511
1219,-62.45192726165021,-3.7338026341455026
1220,-12.274876842960039,-20.09292298531587
1221,-12.46880802423389,-20.16853681222005
1222,-12.878006669582572,-22.324806719758293
1223,-13.246515171413128,-23.311189244518953
1224,-13.686063196253787,-24.49937805461488
1225,-14.221685009868748,-25.74670143450544
1226,-14.879617584384523,-26.780285936880546
1227,-15.45970429591635,-28.069800506651653
1228,-16.04815804440795,-29.07675263093886
1229,-17.21224642782485,-30.34161808396811
1230,-18.010603671626637,-31.1765482671484
1231,-18.677720295313126,-31.948840606668984
1232,-19.00916534681498,-32.48475988154603
1233,-62.973081804167116,-4.692740673455383
1234,-15.683390221422348,13.438850498391135
1235,-15.929766782781888,14.224191502072825
1236,-16.58082070359582,14.52893209203365
1237,-18.672239078067935,15.12473743338887
1238,-19.79871789682722,15.672098550840184
1239,-21.04548120526936,16.20406235126445
1240,-22.442960905814747,16.68390284830212
1241,-23.587361491359058,17.006097563226582
1242,-24.686081761479524,17.27602785760364
1243,-26.396350962135095,17.79872019592401
1244,-27.604514958201747,18.189677815227494
1245,-28.63014140300161,18.49852277651212
1246,-29.54336285241472,18.796743728970654
1247,-30.035287063188473,19.132682497679966
1248,-57.46292273050849,0.8380309623568555
1249,-15.027497949363568,6.400605547227108
1250,-16.634923508865672,7.919270669792278
1251,-17.557128058737916,8.45051991378856
1252,-18.435483862076325,8.762174653341681
1253,-19.630023707999843,8.98144403878432
1254,-20.76676983951117,9.174454348136747
1255,-22.292396749111116,9.41975905862645
1256,-23.580752930762642,9.740547982181438
1257,-24.90533988533643,10.101913878811303
1258,-26.129966302779415,10.398254517217582
1259,-27.372800111013447,10.843432263752431
1260,-28.533314902481347,11.380892206098665
1261,-29.390386216274806,11.90226924559451
1262,-29.93395727549197,12.118954921667152
1263,-58.53670655839926,-0.436742750364776
1264,-10.641328809981244,-10.946397694665588
1265,-14.81013349594388,-3.7996764829261225
1266,-16.469648485499942,-2.1830970169029125
1267,-17.239519222754804,-1.62620796701386
1268,-18.23227380281433,-0.9124237743551078
1269,-19.23803097783319,-0.37618924652710006
1270,-20.239330704815778,0.1044578340029019
1271,-21.471948374564406,0.5881013654793958
1272,-22.73591984515768,1.0621921092732645
1273,-23.945550355260544,1.5436030634380071
1274,-25.88344646364395,1.808348679177856
1275,-26.89771562690053,1.6997314367289962
1276,-27.912906577501555,1.3853270856773738
1277,-28.521103649202367,1.133751698377956
1278,-60.03459827573949,-2.2745782838076134
1279,-9.162720344588715,-13.955054614388542
1280,-13.572566120636308,-12.098132076955782
1281,-16.958829511062888,-11.338741362853101
1282,-17.974386728440372,-10.670774763454533
1283,-18.888491184389448,-10.275725836706842
1284,-20.024251449725345,-9.633361489442743
1285,-20.997287800250696,-9.164427716835727
1286,-22.039361968435845,-8.595744427014322
1287,-23.16239456120722,-7.946952558095751
1288,-24.265005746856893,-7.339242135057228
1289,-25.37984450439173,-6.6775546910229915
1290,-26.523963542506316,-5.947545123004291
1291,-27.333945179298148,-5.403047405453691
1292,-27.901476265192375,-4.946690692674312
1293,-61.01512510084088,-3.6159302200181536
1294,-13.282716149132026,-15.906137613864999
1295,-16.545365714266026,-17.70708232784304
1296,-17.305614273691024,-18.382457243787726
1297,-18.373338359609072,-19.327682071268054
1298,-19.264421838031208,-20.3714310743976
1299,-20.041668755830923,-21.551941030151728
1300,-20.714503562886467,-22.73978535309254
1301,-21.292016723441876,-23.817073303355468
1302,-22.222805454868887,-25.629589776159037
1303,-22.679977984356714,-26.663450930064542
1304,-23.120413405183292,-27.69377509019895
1305,-23.5283163106326,-28.958301702302073
1306,-23.704096970932248,-29.52393873897883
1307,-61.93463195725993,-4.557824440472746
1308,-13.297632346987996,-20.040228113647018
1309,-13.808812165950506,-21.37253919010947
1310,-14.336883852097477,-22.950008783781612
1311,-14.867016915563408,-24.48045550427864
1312,-15.256063232692986,-25.262839556333585
1313,-15.939228553768789,-26.482701377641618
1314,-16.488636522836128,-27.538415384108827
1315,-17.358387712876485,-28.80235186995711
1316,-18.11146860676275,-29.716792606176924
1317,-18.887481323777212,-30.571849229901233
1318,-19.624336846763033,-31.55110872216281
1319,-19.988734305582913,-32.0735938463827
1320,-62.643206750243806,-5.218675162190242
1321,-16.032189544787883,12.996081453400757
1322,-16.666535430313896,13.763306529586984
1323,-16.98967835151417,13.973464102107744
1324,-19.287839441576278,14.675413617455474
1325,-19.984919209114913,14.92957174353466
1326,-21.2915530880909,15.497707121500829
1327,-22.88133228264301,16.064875667813713
1328,-23.84285342778202,16.367804597472702
1329,-25.018539791117767,16.688284194065332
1330,-26.418606005482886,16.981936591999123
1331,-27.569184509290007,17.30293324940644
1332,-28.888851483181284,17.64366697565469
1333,-29.69705805097111,17.849194414873626
1334,-30.130884699697102,17.93568197422203
1335,-57.14125905383058,0.5524778271299654
1336,-15.25701075921667,5.974871634920261
1337,-16.752072925382123,7.128793024366628
1338,-18.07697924173767,7.751975859098437
1339,-18.857586311014863,7.931321317171022
1340,-19.981882841161013,8.159605456316193
1341,-21.233374116746166,8.40157812100345
1342,-22.47472198879064,8.639481011685485
1343,-23.833886099424625,8.906348543392838
1344,-25.117930321462147,9.230688902589899
1345,-26.444319396288993,9.635513095681482
1346,-27.520499887126622,9.976710253878574
1347,-28.9192473718336,10.60148138024613
1348,-29.696774933658794,10.947615636719926
1349,-30.209647318658412,11.32352441113337
1350,-58.167645778473094,-0.8911968606860935
1351,-14.8813302770517,-4.2375260485256225
1352,-16.91409889494687,-2.7833652582167323
1353,-17.729109539222154,-2.2887108398479374
1354,-18.58470487377081,-1.8466426715110347
1355,-19.724802453700022,-1.1928289882842826
1356,-20.76256124917237,-0.7080155116056825
1357,-21.876022042663397,-0.12974986357601692
1358,-23.189838794188198,0.55326014542428
1359,-24.49725500251293,1.7108039207868209
1360,-25.5876264231231,2.3340750624064213
1361,-27.219200988663726,2.4132308701542726
1362,-28.100387903040364,2.2556862115944116
1363,-28.71798242227793,1.9396027655849846
1364,-59.73786834165196,-3.101828413534183
1365,-13.55943711263546,-12.4373831177723
1366,-17.271322258814674,-11.851033925622925
1367,-18.136216706006483,-11.536536023614504
1368,-19.438267641723545,-10.950518200695246
1369,-20.499230173376386,-10.47986762907447
1370,-21.545803059912608,-9.971589547908676
1371,-22.64418871947168,-9.396154679269221
1372,-23.598038448991687,-8.825446408849508
1373,-24.912241467342255,-8.011290499243028
1374,-25.6644124031775,-7.561104540526412
1375,-27.166249931189537,-6.6194605892814975
1376,-27.86506911646492,-6.129418324049123
1377,-28.308567230405274,-5.69085820391357
1378,-60.713724444282796,-4.235827147118703
1379,-11.758321347505552,-13.73640475228863
1380,-16.845513947116647,-16.867566293483012
1381,-17.58069662607673,-17.594869927593333
1382,-19.00239375431206,-18.926855960959536
1383,-20.073026257091335,-20.1010210407855
1384,-20.82794348623461,-21.127091414123697
1385,-21.569153643932516,-22.300338912654674
1386,-22.46213001253822,-23.91356421641435
1387,-23.05205443867337,-25.046021253962806
1388,-23.555496984453335,-26.178093428608634
1389,-24.067476864951484,-27.635452723616034
1390,-24.371571027486997,-28.643799952429887
1391,-24.52755316893897,-29.210316417201906
1392,-61.52254108864804,-5.233712788890599
1393,-14.574549465389195,-15.638348332861556
1394,-13.881722139430748,-20.109026917843696
1395,-14.242631784541507,-21.08557687880671
1396,-15.134478643453653,-23.0475574638622
1397,-15.530376135480902,-23.796098737781797
1398,-16.12656192410239,-24.895384574823126
1399,-16.65977685743906,-25.915476581729013
1400,-17.333971525807698,-27.238464237687168
1401,-17.936274232665937,-28.214399959097953
1402,-18.63919470276474,-29.14038805583476
1403,-19.747123997488252,-30.46915363997822
1404,-20.328648555404143,-31.168918499362615
1405,-20.708122578738337,-31.784737948998607
1406,-62.262188889533,-5.713479901868426
1407,-34.76919460781506,8.353346085675021
1408,-35.79179438516314,10.190982149075307
1409,-36.18420664036873,10.457820059045163
1410,-36.91814589550643,10.746161338906957
1411,-38.657552775429146,11.134984020893198
1412,-39.550326723592654,11.285188363978286
1413,-40.67469702293525,11.439421088815596
1414,-42.121687843142915,11.523870267379877
1415,-42.98543272733245,11.510550915711677
1416,-44.22383395290405,11.421658386582186
1417,-44.959467710307976,11.282874298928414
1418,-46.10313216768993,11.20516180749439
1419,-47.05347382116571,11.19555653362411
1420,-47.47896123163441,11.21311363928489
1421,-56.3662805539771,-0.17978756284455358
1422,-23.617185225961165,-2.422498888677319
1423,-34.85733993533303,2.398322269365004
1424,-35.43177029662425,1.8414674740731365
1425,-36.06079343934115,1.320737504258087
1426,-36.807322196179975,0.8846068246474384
1427,-37.624600169392345,0.5011464161929837
1428,-38.82038310672257,0.10467654199057412
1429,-39.93537219665382,-0.19782238032869393
1430,-40.86953277125969,-0.38433909325452975
1431,-42.61739091563203,-0.5976196409486223
1432,-43.44470818502088,-0.7127348362664265
1433,-44.47444289745515,-0.8613415297979861
1434,-45.70107846672517,-1.0190532940201846
1435,-46.07556798271383,-1.044964185073377
1436,-57.36072721651586,-1.6738665098103953
1437,-32.2014599626754,-8.722293191909499
1438,-34.120708122928264,-6.470647299480141
1439,-35.018184223730735,-5.560025142538167
1440,-35.804715734671085,-4.939738637268384
1441,-36.620031580548115,-4.472395371182722
1442,-37.603554168232165,-4.167925727975754
1443,-38.706236540620985,-3.965468970575473
1444,-40.06783570608183,-3.852791029086009
1445,-41.21747649313583,-3.8140785224274163
1446,-42.37959980768107,-3.7795174907955955
1447,-43.52754150858417,-3.7423183434275127
1448,-44.29193743705897,-3.7373129430486784
1449,-44.77855743787161,-3.718486426404025
1450,-59.14603052717344,-4.307329232615344
1451,-29.413017029995288,-12.81412381055837
1452,-33.33632959124112,-11.606280983694262
1453,-34.785642727686046,-11.705109643995735
1454,-35.42554468686731,-11.808311525797436
1455,-36.598655937848854,-12.017365619352411
1456,-37.43617606347475,-12.161217179125854
1457,-38.502962588839665,-12.331432085956578
1458,-39.518054519445975,-12.480418330366485
1459,-40.65038369811483,-12.631660938388631
1460,-41.51381955252505,-12.768629135578577
1461,-42.62617466572607,-12.926299009031066
1462,-43.39429466110599,-13.046383067329744
1463,-43.85427394927337,-13.150329212697752
1464,-60.02398738161177,-5.447049765715657
1465,-28.295644352936414,-17.579160094664413
1466,-28.152079209649425,-18.690005944551594
1467,-28.26193296574965,-19.52665632690745
1468,-28.491973141690043,-20.334669514626963
1469,-28.635848032920652,-20.94442815958525
1470,-28.160931574418285,-24.10828921322933
1471,-28.348130921687382,-25.020289272522916
1472,-28.60916507780241,-26.028971629504998
1473,-28.83142413629628,-26.851739832847528
1474,-29.17816903344993,-27.77139666409828
1475,-29.394848660784803,-28.65839557689778
1476,-29.464211969048005,-28.990194159159397
1477,-60.885657051314,-6.13480059505223
1478,-14.921787410133062,-15.553631271163043
1479,-26.866607685880087,-21.10571959851761
1480,-27.135045251821463,-21.302736685118628
1481,-28.35040585605872,-22.3509820331254
1482,-29.002336736580734,-22.826526199103505
1483,-29.559823350987145,-23.726738041311798
1484,-30.173224828212035,-24.906647685944854
1485,-30.603936443238148,-25.879712233650544
1486,-30.98182319524789,-26.809407280647235
1487,-31.330575851682624,-27.795256615374132
1488,-31.54558484587527,-28.561869975773256
1489,-31.679279624335535,-28.949589492172734
1490,-61.31087970563175,-6.872373976958069
1491,-34.99455852476462,7.545123423781369
1492,-36.39550865402754,9.184541994520389
1493,-36.82453070510398,9.484450234007559
1494,-37.462087182935015,9.682974291117784
1495,-38.63305052899903,9.905146351655299
1496,-39.96862144345809,10.049706109394688
1497,-41.12993604034584,10.125632182787772
1498,-41.89075637374114,10.115834431334735
1499,-43.2581745692505,10.096113096881
1500,-44.38789336737771,10.010690884175618
1501,-45.19397718905944,9.931923243005844
1502,-46.02557559437727,9.933682509889668
1503,-47.30683349191819,9.9850043593568
1504,-47.587767849822505,9.817146253737059
1505,-55.86572405765298,-0.6762959642201029
1506,-29.678673910719212,-11.281695134919538
1507,-34.9672094109937,3.417038061593393
1508,-36.098291921468096,2.819051022075021
1509,-36.87005185663594,2.4033888790370037
1510,-37.5651760370011,2.100811276922756
1511,-38.44496495851953,1.7155332261877114
1512,-39.59511141109328,1.2974693112994848
1513,-40.59939788291387,1.043848244185301
1514,-41.59588025811498,0.8389580456670477
1515,-42.95488894928735,0.6146602812670782
1516,-43.96292566558184,0.4660928067906263
1517,-44.9982892521329,0.31464861111405334
1518,-45.751910837404374,0.21118861169189762
1519,-46.370894388041926,0.01031651194786336
1520,-56.840970490684,-2.2462906437768106
1521,-33.61614107822076,-8.292900128999916
1522,-34.71082512775756,-7.4060815179137505
1523,-36.369292449753765,-6.229972152421339
1524,-37.344510423711604,-5.756129125606834
1525,-38.25025068065402,-5.4670173692350685
1526,-39.311085467172504,-5.255777652608613
1527,-40.507033845111394,-5.200909830558657
1528,-41.593345030995906,-5.168021322813334
1529,-42.772270679327846,-5.157730460865773
1530,-43.77934899322122,-5.155429091403655
1531,-44.622150816117724,-5.083527170725997
1532,-45.07733579198066,-4.972149943202622
1533,-58.84068638970515,-5.0643609239415985
1534,-29.93332039938687,-13.121057938546151
1535,-33.655261163201715,-12.507659654677548
1536,-34.9443803152106,-12.980305697913234
1537,-36.08880115421853,-13.287843316957813
1538,-37.594608791795885,-13.512976915862529
1539,-38.50418139454053,-13.657389826671222
1540,-39.54978384395707,-13.853421650144645
1541,-40.67279680315706,-14.080604772789735
1542,-41.56526652040213,-14.248152260532779
1543,-42.56975891851229,-14.406575543874384
1544,-43.40808050088653,-14.452867598673908
1545,-43.84188211532661,-14.423576150158814
1546,-59.59630516547787,-6.382186812558884
1547,-30.11250809096755,-16.013550486544286
1548,-30.423938972786836,-16.85939905389144
1549,-30.2719433566669,-18.031299814926495
1550,-30.575760153816866,-19.562009489135452
1551,-31.534821615117135,-21.388182892595257
1552,-32.031015964631344,-22.345257741999482
1553,-32.5579452775513,-23.379315585209774
1554,-33.173009401756595,-24.545897695941157
1555,-33.73632898027763,-25.563748381311242
1556,-34.1998047288203,-26.446345121225043
1557,-34.5174159089577,-27.179093534560987
1558,-34.7143021736941,-27.582589948893165
1559,-60.312881340026046,-7.07454177878755
1560,-29.461698891437997,-15.21339804656429
1561,-30.17436776368418,-21.33425111011628
1562,-30.39831640452846,-22.79437519839789
1563,-30.79272822047279,-23.39428679669401
1564,-31.271695659029607,-24.35738503398441
1565,-31.739950721308293,-25.383171873630904
1566,-32.19430886497221,-26.405927276939536
1567,-32.466604721208554,-27.34343716663997
1568,-32.779206407578656,-27.97021780791054
1569,-33.01136758111358,-28.514297256992524
1570,-60.773081850566925,-7.677429014353216
1571,-35.465263566415395,6.490680262619232
1572,-36.94063096110912,7.47352491686622
1573,-37.60727608373869,7.830370936936284
1574,-38.2773001553565,7.98337339138632
1575,-39.334511636003974,7.872517459736606
1576,-40.380119865538276,7.739550744398778
1577,-41.54663722952262,7.653078817704781
1578,-42.4852988735487,7.537539404205215
1579,-43.60634096323199,7.394231099148028
1580,-44.72651750637044,7.40715963099523
1581,-45.914791635948916,7.524555411079995
1582,-46.774044360814194,7.643958294097562
1583,-47.41130522406099,7.722152773451069
1584,-47.85942472649356,7.83429713579854
1585,-55.362402402651405,-1.1601313804569213
1586,-27.804994865566982,-12.191343693260514
1587,-34.92096085133381,4.777499782174015
1588,-37.04666666825928,4.454164074507114
1589,-37.98961259262727,4.23012135489655
1590,-38.89664470695663,4.0019647333812305
1591,-39.79068592511584,3.795520360917129
1592,-40.81696877032743,3.6010913133288818
1593,-41.85789574175394,3.359025713513992
1594,-43.0345371445454,3.1188971862213335
1595,-44.002523473669356,2.9052141778935487
1596,-45.07585146986433,2.721129688777275
1597,-46.102039369465125,2.4850499792392102
1598,-46.76097420885963,2.256728040259073
1599,-47.25816370888437,2.0862747095201692
1600,-56.366691954520846,-3.008355924187275
1601,-27.807466919912653,-12.488520676768147
1602,-31.180582724448406,-11.993971952372663
1603,-35.40148624237111,-8.668248118764717
1604,-37.18007559532538,-8.135349233825787
1605,-38.1178094313559,-7.881388402064471
1606,-39.26037675801738,-7.742183611956546
1607,-40.299693881682536,-7.683869564953238
1608,-41.416697262761126,-7.645972545881975
1609,-42.49163538910004,-7.610767584575097
1610,-43.51225583093955,-7.522552651845328
1611,-44.417836550865836,-7.4027079627163115
1612,-45.24030765772818,-7.289693290570645
1613,-45.74207937227184,-7.220714780452876
1614,-58.47561935271547,-6.30310425409528
1615,-27.842883087998732,-12.680945380246863
1616,-31.196231643433226,-13.609168226513818
1617,-33.15773174888409,-14.309700130696497
1618,-36.728227508129514,-15.529990885475813
1619,-37.39485672810564,-15.7237366624913
1620,-38.71272226428188,-16.1069023745293
1621,-39.54604778385475,-16.391357396275797
1622,-40.57705357232841,-16.668683523242574
1623,-41.51048777276136,-16.89319636444607
1624,-42.427495183287256,-17.040117808409125
1625,-43.196032901699674,-17.17105291763975
1626,-43.60134031712078,-17.264337557273112
1627,-59.108708055262156,-7.2664794552148155
1628,-31.13576343472663,-15.059186591076033
1629,-31.97877354229868,-16.543896363500167
1630,-34.714605794410154,-18.660408767748187
1631,-35.72890949089549,-19.41295575031686
1632,-36.358154321958914,-20.13011473871841
1633,-36.984963759991025,-20.785735840652137
1634,-38.07899306517691,-21.922819146536554
1635,-38.54889194520849,-22.511607422019072
1636,-39.19177800601551,-23.333396990369106
1637,-39.693656535972885,-23.9271755084003
1638,-40.00917933297457,-24.258652234148407
1639,-59.76348389204634,-7.761752434706935
1640,-32.33782640810108,-18.456453979136498
1641,-32.10200079650711,-17.51494348398232
1642,-33.68210958210814,-20.640864302702017
1643,-33.84244023784354,-21.116415584190232
1644,-34.2804278550927,-21.926163887749244
1645,-35.134976826693645,-23.152221544185853
1646,-35.617879614326355,-23.810278173106624
1647,-36.36096250244424,-24.7582400417208
1648,-36.919388497316184,-25.424205447417606
1649,-37.333199183600684,-25.94770464169838
1650,-37.7600463830728,-26.328648611733474
1651,-60.33460702058722,-8.22595070578501
1652,-35.500549074685786,6.085317710950196
1653,-37.122180705372806,6.815562759251087
1654,-37.934161419425585,6.9875205218043295
1655,-38.53363800810451,7.0349202032227485
1656,-39.18848624359149,6.965235747768365
1657,-40.45438685467461,6.792752460951186
1658,-41.590098759139416,6.669325303586206
1659,-42.5069850103499,6.618966323111645
1660,-43.874491801105115,6.561120557930578
1661,-44.8219149522997,6.545411940056138
1662,-45.72849961267824,6.480675193897111
1663,-46.626423631628484,6.519580696599864
1664,-47.43459118877678,6.637328918586689
1665,-47.892895104348575,6.752700272129382
1666,-55.14261676349358,-1.3444933650615094
1667,-34.9321244690488,4.953898056884182
1668,-37.154045365053776,4.9652526553939085
1669,-38.368182835169186,5.0060462565164325
1670,-39.14221779311611,4.929520394149507
1671,-40.14263754533721,4.79403465514618
1672,-41.10522426797918,4.5828938142751054
1673,-42.205778137358365,4.381268923944701
1674,-43.32614431650208,4.189834228917963
1675,-44.387671523948235,3.9838604382384015
1676,-45.34544109840332,3.788405241905378
1677,-46.3001791467148,3.5530078851430233
1678,-47.123283659758755,3.356512119080821
1679,-47.496009413601755,3.204335031114301
1680,-56.22821470425198,-3.1604796539895856
1681,-31.088833871012216,-12.19387242298989
1682,-35.42435411830381,-9.125350115734223
1683,-37.578138514224555,-8.822450711476737
1684,-38.34251194310672,-8.801097596805754
1685,-39.31890867402447,-8.790964165886104
1686,-40.536510398825385,-8.793837953022763
1687,-41.580210591106145,-8.805518779631603
1688,-42.66905061015596,-8.790586908260346
1689,-43.6582728027882,-8.740160631673884
1690,-44.667756283895166,-8.612248527097464
1691,-45.42379258004419,-8.465676853172678
1692,-45.862967790516166,-8.283335603439635
1693,-58.32761948824575,-6.644563292274949
1694,-31.230918852965093,-13.422102612944618
1695,-32.75585361391281,-14.531024270300017
1696,-36.183577819977266,-16.063946787694743
1697,-37.45048211574148,-16.70781216238014
1698,-38.398122116037314,-17.170992432783247
1699,-39.30746133848588,-17.54670850275359
1700,-40.3242844302566,-17.937332415535735
1701,-41.21871679121302,-18.200942623814345
1702,-42.178695273586136,-18.40194356525951
1703,-42.88035334616259,-18.515036839857324
1704,-43.34757000229995,-18.51659313840016
1705,-58.88665322298561,-7.644657330514435
1706,-30.76991542174491,-14.51394235880258
1707,-32.44861238094458,-15.766877791425413
1708,-33.29490089792755,-16.41887932841013
1709,-36.60356778369845,-19.283303356136688
1710,-37.23043833957575,-19.744684707322122
1711,-37.88124027457084,-20.309965252992328
1712,-38.55497802736782,-21.017635425707457
1713,-39.357702347352756,-21.77301317761838
1714,-39.96437071306406,-22.467308648895614
1715,-40.445279520483496,-23.07620481070535
1716,-40.668294811020274,-23.521818907756806
1717,-59.44735774594895,-8.111558844781507
1718,-32.41269576579552,-18.397764008548844
1719,-34.39205438818235,-20.426616128376946
1720,-34.93016309640599,-21.097135874223
1721,-35.344573725887095,-21.65544523750871
1722,-36.10513647295904,-22.63655804288205
1723,-36.64872117709267,-23.331456241703144
1724,-37.14581761826066,-24.038680527863228
1725,-37.72538598227589,-24.742020637422584
1726,-38.195356261011085,-25.266392911707804
1727,-38.42874086558651,-25.6546132327071
1728,-60.000397260344535,-8.52232055617615
